10001000 10011
10001001 01010
10001010 01010
10001011 01010
10001100 01010
10001101 01010
10001110 01010
10001111 01010
10000000 01010
10000001 00110
10000010 00110
10000011 00110
10000100 00110
10000101 00110
10000110 00110
10000111 00110
10011000 00001
10011001 10011
10011010 01010
10011011 01010
10011100 01010
10011101 01010
10011110 01010
10011111 01010
10010000 01010
10010001 01010
10010010 00110
10010011 00110
10010100 00110
10010101 00110
10010110 00110
10010111 00110
10101000 00001
10101001 00001
10101010 10011
10101011 01010
10101100 01010
10101101 01010
10101110 01010
10101111 01010
10100000 01010
10100001 01010
10100010 01010
10100011 00110
10100100 00110
10100101 00110
10100110 00110
10100111 00110
10111000 00001
10111001 00001
10111010 00001
10111011 10011
10111100 01010
10111101 01010
10111110 01010
10111111 01010
10110000 01010
10110001 01010
10110010 01010
10110011 01010
10110100 00110
10110101 00110
10110110 00110
10110111 00110
11001000 00001
11001001 00001
11001010 00001
11001011 00001
11001100 10011
11001101 01010
11001110 01010
11001111 01010
11000000 01010
11000001 01010
11000010 01010
11000011 01010
11000100 01010
11000101 00110
11000110 00110
11000111 00110
11011000 00001
11011001 00001
11011010 00001
11011011 00001
11011100 00001
11011101 10011
11011110 01010
11011111 01010
11010000 01010
11010001 01010
11010010 01010
11010011 01010
11010100 01010
11010101 01010
11010110 00110
11010111 00110
11101000 00001
11101001 00001
11101010 00001
11101011 00001
11101100 00001
11101101 00001
11101110 10011
11101111 01010
11100000 01010
11100001 01010
11100010 01010
11100011 01010
11100100 01010
11100101 01010
11100110 01010
11100111 00110
11111000 00001
11111001 00001
11111010 00001
11111011 00001
11111100 00001
11111101 00001
11111110 00001
11111111 10011
11110000 01010
11110001 01010
11110010 01010
11110011 01010
11110100 01010
11110101 01010
11110110 01010
11110111 01010
00001000 01101
00001001 00001
00001010 00001
00001011 00001
00001100 00001
00001101 00001
00001110 00001
00001111 00001
00000000 10011
00000001 01010
00000010 01010
00000011 01010
00000100 01010
00000101 01010
00000110 01010
00000111 01010
00011000 01101
00011001 01101
00011010 00001
00011011 00001
00011100 00001
00011101 00001
00011110 00001
00011111 00001
00010000 00001
00010001 10011
00010010 01010
00010011 01010
00010100 01010
00010101 01010
00010110 01010
00010111 01010
00101000 01101
00101001 01101
00101010 01101
00101011 00001
00101100 00001
00101101 00001
00101110 00001
00101111 00001
00100000 00001
00100001 00001
00100010 10011
00100011 01010
00100100 01010
00100101 01010
00100110 01010
00100111 01010
00111000 01101
00111001 01101
00111010 01101
00111011 01101
00111100 00001
00111101 00001
00111110 00001
00111111 00001
00110000 00001
00110001 00001
00110010 00001
00110011 10011
00110100 01010
00110101 01010
00110110 01010
00110111 01010
01001000 01101
01001001 01101
01001010 01101
01001011 01101
01001100 01101
01001101 00001
01001110 00001
01001111 00001
01000000 00001
01000001 00001
01000010 00001
01000011 00001
01000100 10011
01000101 01010
01000110 01010
01000111 01010
01011000 01101
01011001 01101
01011010 01101
01011011 01101
01011100 01101
01011101 01101
01011110 00001
01011111 00001
01010000 00001
01010001 00001
01010010 00001
01010011 00001
01010100 00001
01010101 10011
01010110 01010
01010111 01010
01101000 01101
01101001 01101
01101010 01101
01101011 01101
01101100 01101
01101101 01101
01101110 01101
01101111 00001
01100000 00001
01100001 00001
01100010 00001
01100011 00001
01100100 00001
01100101 00001
01100110 10011
01100111 01010
01111000 01101
01111001 01101
01111010 01101
01111011 01101
01111100 01101
01111101 01101
01111110 01101
01111111 01101
01110000 00001
01110001 00001
01110010 00001
01110011 00001
01110100 00001
01110101 00001
01110110 00001
01110111 10011
